#p_beam = 158 GeV/c
#Particle = pion+
#<p>/GeV/c  p*(dn/dp)  stat  syst-  syst+
1.42 0.782 0.00948 0.0449 0.0326
2.2 0.778 0.0054 0.0251 0.0221
2.62 0.81 0.00229 0.0213 0.0188
3.08 0.803 0.00533 0.0194 0.0152
3.6 0.79 0.00181 0.0224 0.0169
4.34 0.782 0.00154 0.023 0.0162
5.55 0.765 0.00114 0.0254 0.017
7.13 0.727 0.00115 0.0199 0.0167
8.97 0.684 0.00109 0.016 0.0151
11.3 0.63 0.00102 0.0124 0.0129
14.2 0.57 0.00096 0.01 0.0106
17.9 0.504 0.000895 0.00847 0.00875
22.5 0.429 0.000822 0.00706 0.00715
28.4 0.352 0.000753 0.00607 0.00593
35.7 0.278 0.00075 0.00712 0.00704
45 0.21 0.000951 0.0106 0.00575
56.6 0.144 0.000933 0.00403 0.00453
71.3 0.0911 0.000687 0.00328 0.00369
89.7 0.0519 0.000816 0.00172 0.0019

#p_beam = 158 GeV/c
#Particle = pion-
#<p>/GeV/c  p*(dn/dp)  stat  syst-  syst+
1.42 0.833 0.01 0.052 0.0261
2.2 0.882 0.00405 0.0265 0.0231
2.62 0.908 0.00227 0.0219 0.0189
3.08 0.911 0.00225 0.0208 0.018
3.6 0.92 0.0019 0.0224 0.0178
4.34 0.922 0.0016 0.0238 0.019
5.55 0.924 0.00127 0.0275 0.0193
7.13 0.901 0.00129 0.0221 0.0188
8.97 0.873 0.00124 0.0177 0.0171
11.3 0.832 0.00118 0.0143 0.0144
14.2 0.781 0.00113 0.0124 0.0126
17.9 0.722 0.00107 0.0121 0.011
22.5 0.651 0.00102 0.00989 0.00985
28.4 0.574 0.00099 0.00868 0.00857
35.7 0.491 0.00101 0.0076 0.00746
45 0.407 0.00112 0.0209 0.00765
56.6 0.33 0.00135 0.0073 0.00706
71.3 0.268 0.00141 0.00856 0.00904

#p_beam = 158 GeV/c
#Particle = kaon+
#<p>/GeV/c  p*(dn/dp)  stat  syst-  syst+
1.79 0.0588 0.00324 0.0103 0.0101
5.55 0.0861 0.00127 0.00656 0.0142
7.13 0.0858 0.000833 0.00288 0.0073
8.97 0.0868 0.000619 0.00188 0.00425
11.3 0.0856 0.000501 0.00167 0.00239
14.2 0.0803 0.000444 0.00147 0.00182
17.9 0.0733 0.000417 0.00151 0.00162
22.5 0.0658 0.00042 0.00137 0.00135
28.4 0.055 0.000463 0.00138 0.00139
35.7 0.0467 0.000573 0.00186 0.00168
45 0.0369 0.000741 0.0037 0.00858
56.6 0.0256 0.000781 0.0064 0.00432
71.3 0.0153 0.000739 0.00125 0.00443

#p_beam = 158 GeV/c
#Particle = kaon-
#<p>/GeV/c  p*(dn/dp)  stat  syst-  syst+
1.79 0.0443 0.00231 0.00695 0.0052
3.6 0.0594 0.0021 0.0123 0.0129
4.34 0.07 0.00129 0.0045 0.00982
5.55 0.0781 0.000762 0.00294 0.0127
7.13 0.0827 0.00059 0.00191 0.00649
8.97 0.0833 0.000501 0.00132 0.00355
11.3 0.0835 0.000449 0.00127 0.00239
14.2 0.0805 0.000416 0.00133 0.00199
17.9 0.0772 0.000401 0.00138 0.00521
22.5 0.0713 0.000411 0.00143 0.00147
28.4 0.0633 0.000469 0.00129 0.00127
35.7 0.0548 0.000596 0.00166 0.00148
45 0.0438 0.000824 0.00379 0.0192
56.6 0.0345 0.00108 0.00674 0.00467

#p_beam = 158 GeV/c
#Particle = proton+
#<p>/GeV/c  p*(dn/dp)  stat  syst-  syst+
2.2 0.145 0.00533 0.00746 0.0134
3.08 0.156 0.00309 0.0168 0.00898
3.6 0.129 0.0023 0.0138 0.038
4.34 0.112 0.00139 0.00787 0.0239
5.55 0.0965 0.000748 0.00508 0.0181
7.13 0.0852 0.000548 0.00656 0.0112
8.97 0.074 0.000429 0.00749 0.00884
11.3 0.0664 0.000349 0.00812 0.00599
14.2 0.0585 0.000304 0.00802 0.00619
17.9 0.052 0.000281 0.0077 0.00638
22.5 0.0467 0.000285 0.00758 0.00639
28.4 0.0406 0.000295 0.00668 0.00592
35.7 0.0338 0.000321 0.00537 0.00527
45 0.0282 0.000356 0.004 0.00469
56.6 0.0221 0.00036 0.00263 0.00456
71.3 0.0157 0.00034 0.00248 0.00596

#p_beam = 158 GeV/c
#Particle = proton-
#<p>/GeV/c  p*(dn/dp)  stat  syst-  syst+
4.34 0.0222 0.000521 0.00502 0.00477
5.55 0.0255 0.000369 0.00548 0.00504
7.13 0.0302 0.000333 0.00616 0.00537
8.97 0.033 0.000302 0.00641 0.0054
11.3 0.0349 0.000274 0.00632 0.00543
14.2 0.0367 0.000255 0.00636 0.00576
17.9 0.0368 0.00025 0.00618 0.00548
22.5 0.0366 0.00026 0.0061 0.00549
28.4 0.0352 0.000283 0.00552 0.00537
35.7 0.0323 0.000322 0.00448 0.00474
45 0.03 0.000382 0.00332 0.00439
56.6 0.0257 0.000445 0.00277 0.00428
71.3 0.0215 0.000489 0.00347 0.00551
89.7 0.0133 0.000629 0.000484 0.00449

#p_beam = 350 GeV/c
#Particle = pion+
#<p>/GeV/c  p*(dn/dp)  stat  syst-  syst+
1.42 0.785 0.00924 0.0609 0.0557
2.2 0.818 0.00524 0.0277 0.0253
2.62 0.859 0.00226 0.018 0.0196
3.08 0.866 0.003 0.0174 0.0187
3.6 0.868 0.00186 0.0186 0.0189
4.34 0.87 0.00158 0.0191 0.0181
5.55 0.873 0.0012 0.0235 0.0187
7.13 0.857 0.00123 0.0214 0.0184
8.97 0.837 0.00118 0.0206 0.0182
11.3 0.803 0.00114 0.0187 0.0172
14.2 0.763 0.0011 0.0173 0.016
17.9 0.716 0.00105 0.0159 0.0146
22.5 0.66 0.00101 0.0148 0.0131
28.4 0.596 0.000992 0.014 0.012
35.7 0.523 0.00106 0.013 0.011
45 0.45 0.00129 0.0127 0.011
56.6 0.37 0.00258 0.0116 0.0117
71.3 0.297 0.00263 0.0101 0.0113
89.7 0.23 0.00222 0.00939 0.00922

#p_beam = 350 GeV/c
#Particle = pion-
#<p>/GeV/c  p*(dn/dp)  stat  syst-  syst+
1.42 0.8 0.00855 0.0403 0.0533
2.2 0.895 0.00329 0.0185 0.0205
2.62 0.917 0.00219 0.0181 0.0197
3.08 0.932 0.00235 0.0334 0.0198
3.6 0.947 0.0019 0.0202 0.0206
4.34 0.963 0.00161 0.0208 0.0202
5.55 0.974 0.00127 0.026 0.0211
7.13 0.973 0.00131 0.0239 0.0208
8.97 0.965 0.00127 0.0221 0.0205
11.3 0.949 0.00123 0.0204 0.0196
14.2 0.924 0.0012 0.0189 0.0182
17.9 0.892 0.00117 0.0176 0.0166
22.5 0.845 0.00114 0.017 0.0161
28.4 0.795 0.00115 0.0163 0.0155
35.7 0.737 0.00125 0.0144 0.0138
45 0.667 0.0015 0.0133 0.0129
56.6 0.593 0.002 0.0136 0.0137
71.3 0.52 0.00332 0.013 0.0152
89.7 0.441 0.00436 0.0134 0.0129

#p_beam = 350 GeV/c
#Particle = kaon+
#<p>/GeV/c  p*(dn/dp)  stat  syst-  syst+
1.79 0.0702 0.00314 0.0135 0.00981
5.55 0.096 0.00135 0.00718 0.0151
7.13 0.0966 0.000903 0.00326 0.00844
8.97 0.0991 0.000675 0.00239 0.00604
11.3 0.1 0.000557 0.00197 0.00404
14.2 0.099 0.000506 0.00199 0.00324
17.9 0.0961 0.00048 0.00179 0.00242
22.5 0.0916 0.000506 0.00177 0.00203
28.4 0.0856 0.000584 0.00197 0.00198
35.7 0.0778 0.000749 0.00236 0.00217
45 0.0685 0.00111 0.00516 0.00395
56.6 0.0565 0.00138 0.0134 0.00755

#p_beam = 350 GeV/c
#Particle = kaon-
#<p>/GeV/c  p*(dn/dp)  stat  syst-  syst+
1.79 0.0421 0.00227 0.00598 0.00561
3.6 0.0573 0.00213 0.0099 0.00989
4.34 0.0726 0.00131 0.00508 0.00851
5.55 0.0844 0.000777 0.00308 0.0116
7.13 0.0907 0.000627 0.0019 0.00693
8.97 0.0921 0.000533 0.00172 0.00459
11.3 0.0948 0.000492 0.00171 0.00364
14.2 0.0959 0.000466 0.00159 0.00282
17.9 0.0938 0.000452 0.00175 0.00239
22.5 0.0916 0.000467 0.00155 0.00182
28.4 0.0881 0.000548 0.00163 0.00167
35.7 0.083 0.000727 0.00224 0.00213
45 0.0747 0.00111 0.00463 0.00356
56.6 0.0649 0.0016 0.0125 0.00718

#p_beam = 350 GeV/c
#Particle = proton+
#<p>/GeV/c  p*(dn/dp)  stat  syst-  syst+
3.08 0.154 0.00346 0.0151 0.0167
3.6 0.134 0.00246 0.015 0.0148
4.34 0.112 0.00145 0.00799 0.0105
5.55 0.0973 0.000794 0.00406 0.00886
7.13 0.0877 0.000593 0.00328 0.00569
8.97 0.0801 0.000474 0.00479 0.00405
11.3 0.0725 0.000392 0.0052 0.00356
14.2 0.0669 0.00035 0.00607 0.00446
17.9 0.0608 0.00033 0.00645 0.00516
22.5 0.0568 0.000339 0.00685 0.00535
28.4 0.052 0.000365 0.00718 0.00573
35.7 0.0475 0.00042 0.00685 0.00561
45 0.0438 0.000514 0.00638 0.00583
56.6 0.0408 0.000609 0.00574 0.00743
71.3 0.0385 0.00074 0.00608 0.00927
89.7 0.0313 0.000753 0.00588 0.0086

#p_beam = 350 GeV/c
#Particle = proton-
#<p>/GeV/c  p*(dn/dp)  stat  syst-  syst+
4.34 0.0223 0.000552 0.00388 0.00406
5.55 0.0259 0.000403 0.00442 0.00404
7.13 0.0308 0.00036 0.00513 0.00439
8.97 0.0348 0.000333 0.00565 0.00484
11.3 0.0378 0.000309 0.00552 0.00478
14.2 0.0401 0.000296 0.00556 0.00512
17.9 0.0415 0.00029 0.00537 0.00524
22.5 0.0422 0.000301 0.00539 0.00486
28.4 0.0418 0.000335 0.00563 0.00513
35.7 0.0409 0.000398 0.00554 0.005
45 0.0403 0.000514 0.00523 0.00504
56.6 0.0407 0.000652 0.00526 0.00686
71.3 0.0412 0.000844 0.00682 0.0106
89.7 0.0398 0.00112 0.00799 0.0111